algorithm	67613335	1	0.47712125471966244
corpus	78661573	1	0.47712125471966244
deorio	78661573	1	0.47712125471966244
documents	44664014	1	0.47712125471966244
general	44664014	1	0.47712125471966244
maya	44664014	1	0.17609125905568124
maya	67613335	1	0.17609125905568124
melina	44664014	1	0.17609125905568124
melina	67613335	1	0.17609125905568124
pages	67613335	1	0.47712125471966244
rank	67613335	1	0.47712125471966244
search	67613335	2	0.47712125471966244
space	44664014	3	0.47712125471966244
terms	44664014	1	0.47712125471966244
text	44664014	1	0.47712125471966244
web	67613335	2	0.47712125471966244
