andrew	78661573	1	0.47712125471966244
author	78661573	1	0.47712125471966244
authors	44664014	1	0.17609125905568124
authors	67613335	1	0.17609125905568124
baveja	44664014	1	0.17609125905568124
baveja	67613335	1	0.17609125905568124
cofounder	67613335	1	0.47712125471966244
engine	67613335	1	0.47712125471966244
frequency	78661573	1	0.47712125471966244
identifiers	44664014	1	0.47712125471966244
importance	78661573	1	0.47712125471966244
page	67613335	2	0.47712125471966244
pagerank	67613335	3	0.47712125471966244
representing	44664014	1	0.47712125471966244
results	67613335	1	0.47712125471966244
vector	44664014	4	0.47712125471966244
